0
275
240
0
0
0
0
340
340
0
330
0
255
0
0
0
0
255
255
0
0
0
280
0
0
250
0
0
277.33
277.33
277.33
285
0
0
0
240
0
282
0
240
0
290
0
0
0
0
0
0
300
0
0
0
0
240
280
280
0
0
0
355
0
0
0
0
0
0
0
295
0
300
0
0
0
0
0
298
298
0
259
0
0
250
0
260
0
322
0
0
291
0
277
277
240
275
0
0
305
305
0
0
0
262
262
262
0
0
260
255
255
255
255
255
279
279
0
0
0
0
0
256.67
256.67
256.67
240
0
0
0
0
0
276.5
276.5
240
0
0
0
240
0
265
0
325
325
0
0
240
271
240
336
336
0
260
260
0
0
340
240
0
0
250
0
292.5
292.5
320
318
318
0
350
0
280
280
266
266
329
300
0
280
280
280
0
0
258
258
258
245
245
270
0
270
0
0
310
334
315
0
268.33
268.33
268.33
0
0
0
305
297.5
297.5
285
0
0
0
260
0
290
290
0
0
0
0
260
0
339
0
355
0
0
0
262.5
262.5
250
280
244
0
0
255
255
0
0
0
0
0
240
307.5
307.5
318.5
318.5
0
247.5
247.5
0
0
240
0
0
240
267.5
267.5
0
0
0
0
272
290
290
290
0
0
0
297
0
315
240
276
276
0
0
256
0
0
258
0
0
0
0
247.5
247.5
0
350
322.67
322.67
322.67
280
0
314
302.5
302.5
337
284
310
240
0
0
350
0
264
0
0
0
0
0
240
295
295
335
0
0
0
0
315
0
0
0
295
242
310
