0
0
0
0
0
0
0
0
0
0
0
0
0
0
0
0
0
0
0
0
0
0
395
0
0
0
0
0
0
0
0
0
0
0
0
0
0
0
0
0
375
0
0
0
0
0
0
0
0
0
0
420
0
0
0
0
0
0
0
0
0
0
0
0
0
0
0
0
520
0
0
0
520
0
0
0
0
420
0
405
0
0
0
0
0
0
0
0
427
427
550
0
370
0
0
0
0
0
0
0
0
455
455
0
0
0
0
0
0
0
374
0
0
510
0
660
0
0
0
0
0
450
0
0
0
0
0
0
0
0
0
0
0
0
0
0
0
395
0
0
0
0
0
395
425
0
0
0
390
390
0
491
0
0
0
0
0
457.5
457.5
362
0
0
0
0
0
420
460
0
0
0
405
0
0
0
0
0
0
0
0
0
0
0
0
770
770
0
0
0
370
535
535
0
0
0
0
470
0
0
0
0
0
0
430
430
0
407
0
0
0
0
0
0
0
0
0
0
0
0
0
0
0
0
0
0
0
0
0
0
0
0
0
0
0
0
0
0
0
0
440
0
0
0
0
0
0
0
0
408
408
0
0
0
0
0
0
0
0
0
0
394
390
0
0
0
0
0
0
0
0
0
0
0
0
0
0
0
387
363
0
0
0
