177
100
228
150
7
25
10
50
50
127
35
50
85
48
35
25
195
124
60
65
50
120
6
80
76
185
10
255
144
70
40
75
95
60
271
170
46
15
275
35
60
180
40
70
15
15
60
40
50
65
10
180
370
50
155
65
156
65
110
330
170
80
35
250
50
85
60
274
339
55
110.07
40
40
140
335
25
40
60
45
50
46
125
50
120
150
65
90
55
180
225
230
60
45
30
100
50
15
15
20
20
30
91
95
100
57
120
92
25
43
90
150
80
20
63
100
30
40
40
100
60
35
134
195
40
285
190
80
235
155
215
25
75
200
45
15
30
50
60
20
120
130
60
80
90
70
155
88
274
11
50
60
210
29
25
70
120
495
186
65
60
355
535
65
60
70
205
185
160
37
50
4
40
284
50
30
170
136
26
100
50
35
30
30
110
155
85
45
20
50
77.17
50
37.28
50
60
15
240
120
10
210
10
165
40
362
120
50
65
55
40
140
55
50
150
10
210
71
95
65
54
60
85
40
310
153
212
50
45
20
30
185
60
140
80
90
20
115
13
222
300
50
105
45
35
210
80
190
270
110
30
60
110
155
4
30
60
13
60
95
170
100
100
76
50
60
90
105
102
290
80
237
90
60
110
85
45
120
60
75
55
120
205
110
105
30
135
240
59
28
100
30
5
94
91
90
65
150
125
45
15
170
10
15
240
110
300
50
330
23
70
60
4
190
45
120
260
56
30
58
140
160
35
28
14
55
85
20
95
60
55
75
45
60
40
250
100
255
260
140
35
70
150
327
30
120
200
45
85
50
65
30
110
180
55
140
60
70
120
210
165
60
75
130
315
65
30
15
32
80
170
40
15
180
41
40
20
28
25
22
25
70
100
20
10
120
155
235
140
45
265
25
219
165
245
7
40
121
165
180
30
55
120
85
80
50
114
60
175
250
10
15
40
75
394
350
130
25
40
135
165
180
81
195
80
210
330
120
30
65
185
30
40
25
50
90
30
10
85
97
90
150
35
201
60
15
120
215
130
70
35
160
51
95
25
105
55
30
50
75
15
55
16
334
120
15
110
110
95
86
76
30
40
70
64
50
108
50
60
130
20
55
61
140
100
220
390
25
110
61
149
95
30
20
60
54
185
3
25
40
40
10
35
15
35
10
150
40
5
60
100
10
30
30
80
385
525
15
4
165
420
15
230
35
205
74
80
90
60
64
25
32
235
15
50
40
30
48
410
75
255
120
30
15
25
89
20
40
90
203
180
130
255
341
50
35
75
81
60
120
100
95
225
15
65
152
50
10
65
25
60
15
60
80
62
30
15
210
210
122
14
40
150
38
232
240
48
55
1
130
50
180
40
135
80
30
130
110
120
40
204
123
205
85
130
80
25
90
90
10
170
40
115
340
70
220
5
190
310
143
255
40
25
130
45
80
10
37
181
315
40
87
170
90
45
180
59
187
110
65
120
60
40
10
40
40
190
100
20
60
300
60
130
189
55
90
60
259
170
50
50
140
132
47
120
115
31
190
35
100
240
5
165
95
52
70
67
105
255
209
112.53
110
150
60
49
66
70
240
38
30
120
40
50
10
45
10
405
110
142
230
130
160
140
25
95
100
80
90
60
227
60
210
40
45
185
100
15
50
31
151
150
40
18
255
35
49
142
25
205
259
85
10
70
147
149
155
60
179
100
130
50
83
39
280
210
340
138
128
40
110
80
50
165
130
100
25
10
25
100
90
45
30
10
42
61
255
70
90
80
18
70
235
20
108
200
90
50
10
30
430
430
25
110
10
134
47
120
110
204
145
110
34
120
38
45
60
147
50
190
240
6
10
155
75
30
209
5
185
125
250
110
80
130
83
25
140
25
45
50
305
55
10
10
180
90
30
48
75
32
70
25
195
160
172
135
89
45
93
65
90
45
25
80
50
163
15
20
70
200
120
40
10
40
30
36
70
160
105
162
55
179
60
175
40
30
9
30
55
180
60
275
47
52
171
40
60
107
60
407
210
165
200
35
60
90
60
250
50
60
53
340
2
55
30
165
35
40
45
95
265
65
131
120
90
27
105
60
10
137
15
260
15
158
80
73
55
10
374
150
8
235
35
40
90
130
73
285
200
70
50
9
58
40
40
65
10
30
105
70
55
130
70
10
165
160
95
54
35
80
228
40
335
10
210
38
60
35
110
140
110
40
100
135
200
30
47
3
30
140
118
75
50
10
10
70
30
35
40
10
20
130
45
45
45
15
5
130
36
110
320
15
15
90
182
120
145
54
180
85
103
49
95
440
210
110
160
45
60
80
25
59
48
86
150
255
82
40
62
30
75
30
57
280
150
20
35
45
40
420
120
75
140
95
3
10
90
95
30
50
322
35
75
50
185
105
229
100
130
28
2
286
127
70
35
20
121
240
210
30
258
230
190
150
40
35
32
40
41
93
60
10
60
20
40
30
20
15
40
45
35
10
5
30
10
15
226
79
395
110
30
40
101
115
11
25
10
200
91
46
330
30
24
25
115
80
10
130
116
230
160
180
150
40
194
90
80
16
104
70
75
45
450
180
62
35
395
145
50
160
90
30
83
10
45
15
65
75
155
45
35
51
195
240
212
150
75
120
425
350
170
40
90
55
25
27
27
45
53
230
3
44
27
157
35
19
40
30
7
60
10
30
220
190
398
80
42
110
145
155
50
139
180
250
170
75
25
170
355
40
20
15
166
120
45
30
62
100
15
240
175
185
90
100
33
20
210
76
85
145
40
10
63
40
211
55
10
40
60
100
10
80
15
230
49
35
197
115
70
120
50
125
170
270
76
200
38
70
15
35
5
120
10
35
10
60
70
100
92
60
45
80
165
225
27
65
70
180
121
190
73
195
155
29
54
35
80
40
40
280
80
78
110
245
335
170
100
84
70
240
255
205
14
52
29
100
120
40
45
170
97
35
35
89
60
50
50
74
40
40
40
119
130
130
80
20
117
60
45
50
35
14
60
107
10
150
190
70
30
45
120
20
45
140
165
60
20
11
175
40
23
160
66
60
40
200
90
196
145
106
35
83
387
150
50
60
65
30
250
120
305
100
277
20
25
60
210
130
240
105
170
135
200
15
80
220
35
70
10
50
390
329
115
73
78
60
135
30
145
45
45
40
65
110
85
38
363
10
190
140
5
70
110
65
120
80
35
72
15
150
15
130
10
55
60
70
50
110
100
50
93
90
80
75
100
215
79
155
40
10
90
150
25
33
210
200
100
300
40
55
63
50
45
26
204.12
48
105
50
70
155
210
19
100
80
350
50
90
40
50
51
5
290
81
165
90
120
15
35
125
120
225
60
60
150
120
10
70
27
140
125
27
40
50
215
211
491
36
10
10
205
25
770
770
104
30
89
79
50
350
105
80
408
408
200
90
242
53
120
115
60
42
54
260
50
270
235
65
110
91
210
15
60
10
75
75
75
25
10
40
150
450
265
21
240
340
170
125
260
120
120
175
20
55
10
45
175
170
185
103
15
80
20
310
10
50
10
135
158
75
250
70
150
44
30
125
55
10
19
25
30
115
550
205
30
30
42
125
33
10
20
10
45
25
10
35
230
90
55
147
100
200
165
20
88
25
46
50
111