95
240
15
70
25
140
42
70
75
35
35
35
20
130
35
45
160
10
15
80
190
15
95
10
105
314
105
150
213
87
60
39
61
40
10
10
30
310
20
55
51
98
130
60
55
14
130
69
35
70
10
35
50
320
180
95
250
65
45
90
21
20
150
75
30
30
22
20
40
13
175
90
62
70
25
305
25
45
24
131
21
29
10
35
30
282
180
20
54
15
20
20
40
30
151
45
137
110
25
40
37
20
140
25
80
20
10
130
30
55
80
47
20
50
41
205
337
10
30
30
50
174
15
52
15
40
115
45
40
20
40
60
10
100
45
50
50
20
105
250
262
60
95
110
80
50
25
10
5
15
45
420
50
5
120
30
70
140
40
90
21
15
185
14
10
115
175
35
125
120
130
16
43.7
40
20
10
150
10
20
10
25
45
96
15
14
112
30
95
120
60
60
12
27
3
34
162
160
30
90
40
72
70
45
168
44
50
95
20
20
40
23
51
50
30
30
60
40
55
20
39
16
8.75
190
10
30
215
40
20
85
95
60
180
125
22
23
20
200
60
65
30
25
105
271
105
211
118
140
50
40
45
5
57
60
155
185
40
40
5
100
272
50
55
67
40
74
10
15
120
25
10
65
95
20
45
40
100
10
10
19
40
31.62
15
260
10
60
120
50
30
90
25
85
85
17
65
49
140
200
15
69
35
30
10
20
1
80
94
190
65
340
60
5
120
15
35
20
198
35
345
10
45
45
25
15
50
10
21
75
26
20
135
57
265
3
55
13
15
145
49
35
60
110
70
155
10
21
49
74
110
14
50
50
75
10
25
40
38
66
8
100
30
10
40
55
33
60
203
45
310
25
50
120
470
120
30
80
20
20
160
210
15
10
36
30
60
25
20
121
110
100
80
35
45
15
99
50
20
20
70
20
47
75
145
102
50
90
85
40
20
10
70
40
45
45
279
260
260
30
120
60
115
70
66
60
93
15
280
14
20
5
75
85
31
50
220
54
65
10
60
12
40
120
125
50
40
20
95
17
15
10
80
236
40
60
95
100
20
20
60
20
63
130
23
315
1
30
82
26
70
15
35
84
60
9
27
45
297
90
60
160
28
10
9
80
264
60
5
30
20
19
60
27
7
15
45
25
23
50
107
220
40
10
90
40
35
35
30
25
25
130
42
10
30
160
20
48
10
10
15
25
10
60
25
30
80
155
150
15
138
2
40
115
95
70
120
40
18
35
15
10
38
29
6
80
135
30
160
22
30
105
15
60
30
25
81
225
22
15
11
60
45
240
20
81
115
11
9
23
7
20
205
105
100
15
15
35
14
190
88
50
34
50
8
25
40
30
45
20
30
230
60
115
45
10
80
25
23
41
50
20
105
80
520
33
140
21
105
23
23
110
55
2
20
27
105
25
45
55
15
65
20
80
25
20
35
30
60
5
22
15
15
25
25
10
60
30
12
115
15
30
5
20
60
45
10
125
90
55
105
15
46
40
220
12
55
230
80
180
48
7
50
7
130
60
118
59
174
45
70
10
38
146
60
230
82
73
137
35
10
60
30
135
1
90
25
30
6
18
55
126
214
275
35
95
70
70
230
30
20
15
8
40
45
41
20
110
30
165
29
65
100
133
8
55
70
70
92
10
40
55
65
50
30
15
175
50
195
35
19
20
20
95
5
160
120
2
10
103
19
106
30
50
24
40
137
15
60
120
67
201
10
19
60
50
35
70
135
45
75
120
80
9
20
35
31
13
10
166
40
40
15
30
33
40
35
100
40
40
48
10
145
90
80
60
3
10
40
40
20
55
25
5
50
205
75
70
83
90
2
150
81
150
49
90
15
59
80
25
20
25
39
10
69
150
40
20
10
30
185
30
30
33
20
75
60
85
78
35
320
120
10
77
265
95
60
21
36
10
75
40
30
60
20
12
165
10
28
175
30
26
10
19
70
130
27
185
45
55
85
30
15
75
70
280
40
20
42
27.47
10
22
70
10
22
35
35
10
25
20
80
115
8
10
19
90
15
25
34
29
79
70
40
80
130
30
25
25
40
15
80
410
180
10
82
40
50
19
45
58
65
80
25
150
44
120
3
30
124
10
10
55
10
15
25
25
15
10
150
140
165
350
50
10
35
70
60
2
61
45
9
80
105
170
26
10
45
10
10
150
45
10
30
30
80
41
10
50
40
85
195
25
10
120
15
20
45
29
65
50
5
160
60
5
35
38
105
10
55
16
125
15
25
53
10
100
20
10
25
21
50
140
190
25
24
150
60
40
230
10
35
434
34
40
55
125
87
10
114.03
110
75
20
120
30
260
70
50
4
45
15
100
133
135
280
30
80
45
21
36
50
86
30
50
157
398
15
70
150
22
20
10
30
40
20
45
2
175
13
10
55
25
5
35
10
60
25
18
130
200
40
20
20
21
5
81
10
10
58
12
50
60
25
30
50
60
58
30
30
40
5
199
10
23
25
10
60
10
30
90
180
20
115
70
38
30
160
96
10
55
70
123
20
10
10
160
67
92
78
20
122
25
30
5
45
10
95
16
10
10
135
40
115
25
20
60
54
95
35
60
25
67
75
28
40
25
20
25
55
46
13
10
150
130
120
9
28.42
122
60
35
183
50
90
45
190
61
30
100
66.05
20
35
29
202
20
70
10
90
95
24
70
310
310
45
85
210
125
85
25
30
15
4
30
80
55
113
89
127
10
10
5
10
60
390
113
40
20
30
180
200
25
40
180
34
175
25
10
23
90
1
25
30
55
40
25
25
15
15
30
160
70
110
145
180
180
90
110
126
57
50
15
84
10
125
85
60
20
104.6
10
100
240
60
25
35
10
120
108
37
45
70
56
65
220
10
104
120
133
120
15
35
30
23
115
30
34
129
70
88
20
30
20
30
170
60
60
175
10
5
127
105
34
104
48
40
7
30
18
10
34
56
120
7
50
180
29
105
6
171
60
15
240
290
33
225
15
40
90
23
10
427
110
82
62
18
44
35
135
20
55
30
19
170
99
136
80
100
10
70
115
29
50
25
10
10
5
35
70
60
48
90
60
142
110
60
60
45
60
105
43
40
165
20
90
25
90
60
81
34
18
196
31
76
10
35
305
90
117
170
240
60
120
25
140
21
80
36
40
53
60
30
190
40
30
16