60
55
120
15
50
135
80
135
210
100
170
94
17
220
85
68
115
30
140
110
90
140
90
225
100
60
280
100
57
205
90
90
120
75
165
120
65
30
205
120
60
70
70
40
125
110
70
60
35
190
69
20
105
50
110
75
150
27
54
188
110
180
44
180
90
120
170
140
50
76
10
210
94
40
40
4
105
270
5
135
60
165
60
66
10
8
75
75
110
115
205
30
90
30
240
90
105
56
60
185
140
115
45
80
100
225
18
35
100
68
220
60
80
40
70
240
7
250
95
100
10
155
370
148
58
152
95
50
95
220
85
110
110
189.55
75
110
60
190
190
190
75
175
85
203
60
295
13
30
35
74
85
85
90
180
35
70
75
70
90
100
120
270
5
35
42
66
535
65
89
180
16
180
150
155
15
106
50
71
95
110
120
25
85
23
80
75
65
160
145
120
240
10
80
85
100
12
120
205
170
150
116
30
75
95
155
215
70
170
90
165
10
80
26
205
60
130
110
65
10
25
170
40
20
35
60
95
95
90
145
45
85
205
60
125
85
65
185
10
135
100
88
50
40
15
35
130
150
27
10
6
10
155
60
15
240
105
10
36
440
145
180
170
54
45
80
130
10
75
65
40
65
195
130
120
70
8
80
110
200
90
100
90
20
110
60
115
40
70
190
135
115
25
33
15
50
70
61
10
95
112
120
195
45
150
56
20
103
78
5
5
83
150
15
105
110
41
150
9
9
150
70
340
130
125
95
25
110
140
78
55
100
30
65
85
45
60
90
120
65
112
70
101
70
130
65
10
90
38
260
175
50
165
140
140
165
30
239
165
165
111
140
210
90
180
184
111
120
120
70
10
35
160
30
85
105
10
65
20
90
60
95
150
95
10
15
72
155
61
95
37
131
50
120
36
98
103
140
90
73
85
98.1
235
210
50
108
375
60
30
140
520
110
90
105
90
5
279
90
100
125
90
40
135
56
115
75
115
65
30
55
621
30
25
50
37
100
120
135
30
35
35
133
100
40
145
140
140
218
225
225
80
77
205
205
244
55
150
40
88
85
70
165
4
105
70
60
40
50
115
50
205
185
90
75
10
128
200
150
75
155
170
51
75
45
195
100
110
120
115
460
60
115
55
75
8
100
85
125
70
60
45
120
10
240
180
10
50
105
70
120
80
35
105
85
80
95
120
120
60
10
5
145
180
60
105
115
85
130
145
25
235
140
60
35
133
10
30
58
50
195
75
115
15
80
115
230
145
140
85.72
67
45
85
50
330
168
30
75
61
10
190
40
10
160
24
100
85
222
101
70
130
20
60
180
25
218
165
75
150
150
60
109
125
60
70
72
120
110
120
30
140
80
50
265
100
110
105
40
95
130
190
110
140
70
33
80
95
80
40
165
30
145
100
10
50
30
201
142
190
75
60
43
60
30
60
98
90
70
139
100
65
100
40
293
107
33
60
230
100
85
50
70
115
20
235
70
45
85
135
215
130
90
70
32
20
10
140
110
85
240
145
92
95
5
70
395
20
55
30
195
100
140
405
40
35
10
52
145
35
30
160
175
75
12
230
90
185
140
7
130
65
75
100
140
270
80
30
85
25
13
25
45
90
115
95
45
50
240
205
25
35
45
10
250
25
30
188
145
220
60
100
80
120
45
120
50
30
80
80
10
240
100
80
15
240
170
160
44
30
210
30
28
30
110
90
65
90
40
102
25
80
90
90
80
230
160
60
180
10
105
180
180
40
100
320
80
30
85
125
120
85
10
164
150
185
256
70
41
110
140
140
39
90
39
70
240
40
75
105
12
420
130
195
204
81
110
120
70
100
10
110
40
160
6
187
40
110
60
170
165
108
96
45
100
120
185
110
60
75
30
40
130
105
74
60
60
80
170
10
10
75
135
102
95
280
60
60
110
5
38
5
68
35
155
2
40
106
120
75
150
105
45
150
55
80
45
100
10
86
45
50
35
64
130
5
115
14
95
155
30
20
405
180
205
150
130
205
105
136
15
40
85
230
95
50
99
49
21
60
35
35
130
120
90
125
80
120
15
184
10
68
59
160
90
75
155
95
195
20
45
120
175
120
115
70
115
190
510
126
100
54
121
180
40
15
25
40
30
10
285
50
215
156
140
65
143
58
100
105
120
109
82
23
40
177
40
85
15
65
90
109
105
105
313
68
75
120
25
173
95
140
139
105
97
75
70
165
10
357
180
190
34
57
93
90
20
40
105
50
195
10
225
94
140
50
55
41
119
20
50
150
80
50
210
45
130
35
80
20
40
291
40
100
45
25
660
194
75
4
180
35
30
45
178
60
23
5
159
28
315
160
65
50
30
25
94
160
140
24
85
115
150
100
60
205
160
180
35
54
160
73
120
130
280
110
60
90
80
186
114
65
29
90
30
40
105
26
90
90
140
140
60
80
125
45
45
40
55
102
80
135
60
25
110
35
30
85
314
125
60
240
10
30
120
82
242
225
60
165
290
15
10
60
169
91
129
117
25
10
89
55
42
90
255
240
106
50
40
150
150
207
310
422
90
210
170
75
110
65
60
10
90
81
68
131
30
80
105
106
115
75
3
150
15
118
64
40
46
185
100
55
139
60
125
211
50
88
230
50
105
131
80
95
25
285
80
118
10
33
40
120
275
110
130
20
55
154
113
140
50
240
10
65
60
80
115
165
57
50
295
35
78
80
80
120
50
165
65
20
68
14
50
23
25
110
230
60
1
200
174
150
40
50
197
110
20
236
115
9
65
70
143
110
230
120
33
215
285
195
333
60
10
30
160
29
70
17
80
110
80
70
40
70
185
15
121
427
70
180
83
160
89
190
45
60
234
154
260
53
40
150
10
80
65
54
130
50
75
150
280
140
10
5
140
54
130
115
185
27
95
117
80
130
150
305
110
45
80
180
13
10
175
77
90
65
95
175
20
45
15
175