95
60
177
55
120
100
50
135
150
25
75
70
50
135
25
50
100
42
140
70
75
35
170
127
94
17
50
35
35
35
20
60
35
85
35
130
48
45
25
195
160
85
124
60
68
65
30
115
50
80
120
140
80
110
90
140
90
190
100
60
76
185
95
144
70
100
57
105
75
40
105
60
95
90
150
90
87
60
39
40
75
61
120
170
165
30
20
120
65
55
51
46
30
111
80
35
130
120
60
60
70
180
70
60
40
40
125
110
60
55
35
60
190
40
50
69
20
105
50
110
65
75
130
69
180
35
150
50
70
65
155
156
35
27
65
54
188
110
50
110
180
180
170
44
80
35
95
50
90
180
85
60
65
45
120
90
21
20
150
75
55
110
170
40
140
50
76
40
140
30
30
22
94
40
20
40
40
105
135
175
25
90
62
40
60
165
60
70
98
60
45
66
50
25
46
75
75
110
25
115
45
125
24
70
70
131
30
90
21
30
90
29
50
105
56
35
60
30
185
120
115
150
140
65
90
45
180
55
180
80
100
20
54
20
20
18
40
60
45
30
30
151
50
45
100
35
100
20
137
110
20
30
68
25
60
40
91
95
100
80
37
40
57
25
70
140
20
80
120
92
20
25
95
100
43
130
90
30
155
55
150
80
148
58
20
152
63
100
80
95
47
20
30
50
40
40
50
60
100
95
35
85
110
110
189
134
195
30
30
40
50
75
80
190
174
155
52
110
60
190
190
25
190
75
45
75
40
115
30
50
45
175
85
40
60
20
60
40
60
20
120
130
60
100
45
30
50
80
35
50
74
90
70
20
155
88
85
85
105
60
50
90
180
35
50
80
95
110
25
60
70
75
70
29
25
90
45
70
100
120
50
186
120
120
65
60
30
35
42
70
66
140
40
65
89
65
90
60
70
180
21
41
16
180
150
185
185
160
37
175
115
35
125
155
106
50
120
130
50
40
71
95
50
110
120
30
25
85
16
23
170
43
80
40
20
136
150
20
25
45
96
26
100
75
112
65
30
160
35
120
145
95
30
120
80
85
100
30
60
60
170
120
110
155
150
85
45
116
20
27
50
30
75
50
77
37
34
95
155
50
162
60
160
30
120
70
90
40
72
170
70
165
40
45
168
44
90
165
50
50
95
80
26
20
65
20
23
40
60
55
40
140
130
50
55
110
150
51
65
50
71
95
25
65
30
54
40
40
85
60
60
170
20
35
40
20
55
60
39
16
153
45
50
95
20
50
30
190
185
95
60
30
90
40
140
145
80
45
85
20
60
85
90
125
85
65
95
60
180
185
22
125
23
115
135
100
88
20
50
50
40
60
105
45
35
30
35
65
25
105
105
140
118
50
40
80
120
57
150
130
190
60
27
155
185
110
40
30
40
30
60
100
110
155
155
60
30
50
55
67
60
40
105
60
95
170
36
100
100
145
74
76
180
120
170
50
25
54
45
20
60
130
80
65
75
65
90
40
65
105
95
102
20
45
40
100
195
130
120
80
70
90
60
19
110
85
45
80
110
120
90
40
100
31
75
60
55
90
20
120
110
120
60
110
60
115
105
40
50
30
45
30
70
190
25
115
135
135
33
90
50
70
61
59
95
112
25
28
120
100
17
85
85
30
94
65
91
45
140
90
65
150
150
125
45
56
20
103
69
170
78
110
83
150
50
105
23
35
70
60
110
30
41
45
150
190
20
120
80
94
190
150
56
30
70
58
140
65
130
160
35
125
60
28
95
25
55
120
85
110
20
95
60
35
140
55
78
55
75
45
100
60
30
65
20
40
100
85
140
35
45
198
60
35
70
150
30
120
90
120
65
112
45
45
49
195
45
25
101
70
70
50
85
21
50
130
65
65
75
90
26
20
57
135
38
30
55
175
50
165
140
140
30
165
110
180
49
145
55
35
140
60
70
60
120
110
165
165
165
70
111
155
60
21
75
49
140
90
180
184
65
30
111
74
32
120
120
70
80
170
40
35
160
30
180
110
41
40
20
28
85
25
22
50
50
105
75
25
70
20
100
65
20
25
90
40
120
38
66
60
155
140
45
25
165
95
100
40
40
55
121
165
150
180
33
60
30
95
55
45
120
85
72
80
50
114
25
50
155
120
60
175
120
61
95
37
131
40
50
30
120
36
80
98
75
20
103
140
20
130
160
36
90
130
73
30
25
40
25
121
165
135
20
85
180
81
110
100
195
80
98
35
45
80
50
20
20
50
120
70
30
20
47
65
75
185
108
30
40
25
60
145
50
90
102
30
30
140
50
97
110
85
90
90
90
150
85
40
20
105
30
35
90
60
70
40
45
45
120
130
70
90
51
160
95
25
105
55
30
30
50
75
55
100
120
60
16
115
66
70
120
125
60
93
95
86
30
76
40
70
90
50
64
108
50
20
60
130
40
20
55
60
56
61
135
140
115
100
75
25
75
115
85
31
110
61
99
50
65
149
30
54
55
65
30
95
20
30
60
60
25
40
185
120
37
50
25
40
40
100
50
125
35
35
120
135
40
30
35
35
20
133
100
95
17
40
150
40
80
145
60
100
140
35
30
30
80
40
60
140
95
100
20
20
60
20
110
110
63
23
165
130
30
82
80
77
26
70
35
35
74
84
60
55
27
150
45
90
40
60
80
88
160
85
28
90
60
70
64
25
32
165
80
50
40
105
70
60
54
60
30
48
40
75
50
30
115
50
120
30
90
185
20
25
19
60
89
20
27
45
25
75
23
90
50
107
128
180
130
150
40
75
50
90
155
35
35
40
35
170
75
81
60
51
120
30
25
25
45
75
130
195
42
100
110
120
95
100
115
30
65
152
60
50
65
115
160
20
48
25
55
60
75
60
25
62
80
30
100
85
60
122
25
125
40
70
60
80
45
155
150
38
150
120
138
40
48
180
55
50
105
50
130
115
70
120
180
40
95
70
135
80
120
80
35
40
40
105
35
85
80
18
30
130
95
110
120
120
40
120
38
60
29
180
145
60
80
105
135
30
22
160
115
30
123
130
85
105
60
30
145
25
85
130
25
80
25
90
90
170
40
115
81
140
60
22
35
60
70
133
30
58
45
20
75
190
195
115
81
115
143
40
80
23
25
115
130
45
80
37
30
20
145
181
105
100
140
85
40
35
87
67
190
45
85
88
170
50
90
34
50
25
50
59
180
187
110
65
168
120
60
40
40
30
40
30
75
61
40
45
20
190
30
100
190
60
20
115
40
45
60
60
80
130
25
23
189
41
160
50
24
20
55
105
80
100
60
90
33
50
170
85
50
140
140
21
132
47
70
101
120
105
130
115
23
50
23
31
60
35
20
190
110
100
180
55
20
25
165
165
105
95
52
75
150
25
150
60
70
67
45
105
55
112
110
150
109
65
60
49
66
60
38
70
125
20
70
30
80
72
120
25
120
110
40
120
20
45
30
140
80
35
50
30
60
50
22
45
25
100
25
110
110
142
60
115
105
30
40
130
160
95
130
190
140
140
110
20
70
33
80
60
95
45
25
80
95
125
100
80
90
90
40
55
60
165
30
145
105
100
60
50
30
46
40
27
55
40
45
142
190
60
75
43
60
80
180
185
100
30
50
48
60
31
50
150
40
151
90
130
70
18
35
49
60
139
118
59
142
25
174
45
100
65
85
100
70
40
70
147
149
155
38
107
33
60
60
60
146
179
100
100
50
82
85
130
70
50
83
30
39
115
73
137
20
35
138
128
70
40
45
135
85
110
80
50
60
165
30
130
130
135
90
100
25
25
70
32
20
100
90
45
30
90
25
30
140
110
18
85
126
55
42
145
61
70
92
90
80
35
70
70
70
18
20
55
70
20
108
30
98
30
195
100
140
20
90
50
40
30
25
35
110
134
47
120
110
52
145
145
35
30
40
110
45
160
34
20
75
175
30
110
165
90
185
29
140
65
120
38
45
100
60
133
50
55
147
70
70
130
65
75
92
100
140
190
40
55
65
155
80
50
30
75
175
30
50
195
35
19
185
30
85
25
20
25
45
20
125
90
95
110
115
80
45
160
95
120
95
95
50
130
83
25
140
25
25
103
35
45
19
106
45
30
25
50
50
24
30
188
40
137
145
60
55
60
100
120
80
180
120
45
90
67
120
50
30
30
41
48
75
80
32
80
19
70
60
25
50
35
70
160
195
172
135
45
135
75
89
45
120
80
100
93
65
20
80
35
170
31
160
44
90
30
45
30
25
166
28
30
80
50
110
90
40
40
65
30
33
90
20
40
70
40
35
100
40
102
40
25
48
40
120
145
90
40
30
90
80
90
36
60
80
40
40
160
160
70
162
105
60
20
180
55
105
60
179
175
180
40
30
30
55
55
180
25
40
50
180
100
60
47
75
80
30
52
70
171
40
107
60
85
120
83
125
85
90
164
150
150
165
35
185
60
81
150
90
60
70
41
110
53
50
60
49
55
140
140
30
39
165
90
90
35
39
40
45
95
59
65
163
80
25
20
131
120
25
39
80
69
90
70
150
27
40
105
60
40
20
75
105
130
195
30
137
185
30
81
110
30
80
120
33
20
70
75
85
60
100
78
73
55
150
35
35
120
40
90
110
40
77
95
60
130
21
60
70
73
36
160
50
75
40
58
40
187
65
40
40
30
30
60
105
70
55
110
20
130
70
160
165
165
60
170
28
175
165
95
108
96
54
35
45
30
80
26
100
120
19
70
40
185
60
110
75
30
40
130
130
38
105
27
60
35
185
74
60
45
60
110
140
110
80
55
170
40
85
100
75
30
135
135
95
102
75
70
30
40
60
47
60
30
158
110
20
140
75
118
42
50
38
27
40
30
35
20
130
70
22
70
68
45
45
45
35
22
35
35
130
36
155
110
25
40
20
106
80
90
115
120
120
19
182
75
150
90
105
145
54
45
180
150
85
25
103
34
29
79
55
70
49
40
80
130
30
95
25
25
80
110
40
45
160
60
80
45
100
25
86
59
80
150
86
48
45
50
180
35
82
40
62
82
64
40
30
75
30
57
50
130
19
45
115
150
58
65
35
20
80
45
25
40
95
120
75
150
155
140
95
30
44
90
20
30
120
50
180
30
124
35
75
50
55
105
185
150
130
100
105
130
136
28
25
25
85
150
95
40
140
165
50
50
35
99
127
70
70
49
35
21
60
20
61
35
35
121
60
45
130
120
90
80
105
125
80
170
26
30
120
184
190
150
40
45
68
35
32
40
59
150
45
41
160
93
30
30
90
75
80
41
155
95
50
40
60
85
60
195
20
195
25
20
45
40
120
30
120
175
20
20
95
40
45
29
120
115
45
35
70
115
65
50
30
160
35
60
190
38
105
126
100
55
16
79
110
54
30
40
121
180
125
101
40
115
25
40
25
25
30
53
91
46
30
24
100
20
25
50
25
21
115
156
140
80
190
140
130
116
25
160
180
65
24
150
143
58
90
150
40
194
60
80
100
40
16
104
70
75
35
45
105
120
180
62
34
35
109
82
23
40
55
145
50
40
160
90
177
30
83
45
125
87
65
75
155
40
45
85
35
114
65
51
90
109
110
105
195
105
75
150
68
75
75
25
20
173
170
95
140
40
90
55
25
27
27
120
30
139
53
45
70
50
105
97
45
50
100
44
165
70
133
27
157
135
180
35
19
190
34
40
30
57
30
93
60
80
30
21
45
90
36
50
20
86
30
40
50
105
157
190
50
80
42
195
110
94
145
155
140
50
55
41
50
20
150
50
139
80
180
50
45
70
170
75
25
150
130
22
35
170
20
40
20
30
40
20
45
80
20
175
166
40
40
120
100
45
45
55
25
30
120
120
62
100
35
25
90
175
185
194
100
60
25
18
33
75
40
20
130
75
20
20
180
21
35
76
145
85
30
40
63
40
81
45
178
55
60
23
40
60
100
58
80
60
50
159
25
28
30
49
35
65
160
50
50
58
60
115
197
30
70
120
30
30
119
50
25
125
199
170
76
94
160
38
70
23
140
24
25
85
60
115
35
30
120
35
180
90
60
150
70
20
70
115
38
100
100
30
92
60
60
45
165
80
160
160
180
96
55
35
70
27
65
54
70
160
180
73
121
190
73
123
195
120
20
130
155
29
54
67
160
35
80
40
92
40
80
110
78
78
110
170
100
20
60
84
122
90
80
25
30
70
45
186
95
114
16
65
52
40
100
90
120
45
170
97
35
135
40
115
25
30
40
35
40
89
20
105
50
60
50
26
40
74
90
60
54
90
95
40
40
35
119
130
130
60
25
140
140
60
80
67
75
20
28
80
117
125
45
45
25
40
60
40
20
55
25
55
46
45
50
35
150
102
80
130
135
120
60
60
25
28
110
107
35
30
150
122
190
85
60
35
70
125
30
45
120
20
183
60
50
30
45
90
120
82
140
60
165
60
165
20
45
23
40
175
190
61
60
169
30
91
100
160
66
129
66
117
29
29
20
35
25
89
60
55
40
29
20
42
90
90
70
196
106
106
145
50
95
35
90
83
40
24
150
150
150
50
60
70
30
45
85
90
120
100
20
125
25
85
75
170
25
60
110
65
30
60
130
90
81
30
80
55
105
135
113
170
68
131
89
127
30
80
35
80
105
106
70
50
115
60
113
75
40
20
30
150
180
115
73
25
34
40
180
175
118
78
64
60
135
40
30
25
46
185
100
55
45
45
145
60
139
40
65
125
50
110
90
25
88
85
50
105
65
38
131
30
80
190
140
95
70
40
25
110
65
120
25
80
35
72
150
25
30
160
130
60
55
80
70
50
110
70
118
110
145
100
50
180
180
93
90
110
90
80
126
57
50
33
40
100
79
120
84
155
40
125
85
60
90
20
104
150
100
25
33
60
110
25
35
120
130
20
100
108
55
154
40
37
45
55
63
70
113
50
45
26
56
48
23
140
65
105
50
70
50
155
104
65
19
60
80
120
80
115
100
50
133
90
165
57
50
120
35
55
40
30
50
23
35
51
78
80
80
34
120
30
115
129
50
70
81
165
165
88
65
20
20
90
68
120
50
23
35
25
30
20
110
125
120
60
60
60
150
120
70
27
30
170
60
60
175
140
174
150
40
125
50
197
40
27
50
127
105
34
104
110
20
40
48
30
36
18
115
25
34
56
65
70
143
104
120
120
110
30
89
50
33
180
29
79
105
171
195
50
105
60
60
80
30
160
90
29
53
70
115
60
17
120
42
54
50
80
110
110
65
80
91
33
70
60
75
40
90
40
75
75
23
70
25
185
121
110
70
82
40
62
83
150
180
160
89
18
190
45
44
21
35
135
154
20
170
53
125
55
175
120
120
40
150
80
65
20
55
30
45
19
99
170
175
54
170
185
136
80
103
130
100
70
80
50
115
29
50
75
150
25
140
70
35
48
60
20
90
60
142
140
60
110
60
45
60
105
50
43
135
158
75
40
165
20
70
150
90
25
54
90
60
81
130
55
125
115
34
18
185
19
25
27
196
30
31
76
95
115
117
35
80
130
150
90
30
30
110
45
117
42
80
125
33
20
170
45
25
180
35
60
120
25
175
140
21
77
90
36
90
80
65
55
40
95
53
60
30
30
44
20
45
147
190
175
40
175
30
100
20
165
25
88
16
46
50