65
65
65
65
65
65
65
58.33
58.33
58.33
58.33
58.33
58.33
58.33
58.33
58.33
58.33
58.33
58.33
48.92
48.92
48.92
48.92
48.92
48.92
48.92
48.92
48.92
48.92
48.92
48.92
48.92
51.25
51.25
51.25
51.25
63.71
63.71
63.71
63.71
63.71
63.71
63.71
53.18
53.18
53.18
53.18
53.18
53.18
53.18
53.18
53.18
53.18
53.18
66.31
66.31
66.31
66.31
66.31
66.31
66.31
66.31
66.31
66.31
66.31
66.31
66.31
46.36
46.36
46.36
46.36
46.36
46.36
46.36
46.36
46.36
46.36
46.36
40.36
40.36
40.36
40.36
40.36
40.36
40.36
40.36
40.36
40.36
40.36
40.36
40.36
40.36
43
43
43
43
43
43
43
43
43
32.5
32.5
32.5
32.5
32.5
32.5
32.5
32.5
65
65
65
71.82
71.82
71.82
71.82
71.82
71.82
71.82
71.82
71.82
71.82
71.82
49.36
49.36
49.36
49.36
49.36
49.36
49.36
49.36
49.36
49.36
49.36
49.36
49.36
49.36
52.13
52.13
52.13
52.13
52.13
52.13
52.13
52.13
69.17
69.17
69.17
69.17
69.17
69.17
39.5
39.5
39.5
39.5
39.5
39.5
39.5
39.5
50.92
50.92
50.92
50.92
50.92
50.92
50.92
50.92
50.92
50.92
50.92
50.92
33.17
33.17
33.17
33.17
33.17
33.17
59
59
59
59
59
59
59
59
59
59
59
59
59
59
59
46.13
46.13
46.13
46.13
46.13
46.13
46.13
46.13
46.13
46.13
46.13
46.13
46.13
46.13
46.13
46.13
24.5
24.5
24.5
24.5
24.5
24.5
24.5
24.5
24.5
24.5
51.82
51.82
51.82
51.82
51.82
51.82
51.82
51.82
51.82
51.82
51.82
51.88
51.88
51.88
51.88
51.88
51.88
51.88
51.88
46.13
46.13
46.13
46.13
46.13
46.13
46.13
46.13
39.08
39.08
39.08
39.08
39.08
39.08
39.08
39.08
39.08
39.08
39.08
39.08
73.75
73.75
73.75
73.75
52.27
52.27
52.27
52.27
52.27
52.27
52.27
52.27
52.27
52.27
52.27
41.67
41.67
41.67
41.67
41.67
41.67
41.67
41.67
41.67
41.67
41.67
41.67
47.73
47.73
47.73
47.73
47.73
47.73
47.73
47.73
47.73
47.73
47.73
47.73
47.73
47.73
47.73
40.45
40.45
40.45
40.45
40.45
40.45
40.45
40.45
40.45
40.45
40.45
14.25
14.25
14.25
14.25
36.29
36.29
36.29
36.29
36.29
36.29
36.29
59.91
59.91
59.91
59.91
59.91
59.91
59.91
59.91
59.91
59.91
59.91
50.33
50.33
50.33
50.33
50.33
50.33
50.33
50.33
50.33
50.33
50.33
50.33
50.33
50.33
50.33
58.5
58.5
58.5
58.5
58.5
58.5
58.5
58.5
58.5
58.5
60.83
60.83
60.83
60.83
60.83
60.83
60.83
60.83
60.83
60.83
60.83
60.83
53.36
53.36
53.36
53.36
53.36
53.36
53.36
53.36
53.36
53.36
53.36
53.36
53.36
53.36
60
60
60
60
60
60
60
49.77
49.77
49.77
49.77
49.77
49.77
49.77
49.77
49.77
49.77
49.77
49.77
49.77
55
55
55
55
55
55
55
55
55
55
55
55
55
35.91
35.91
35.91
35.91
35.91
35.91
35.91
35.91
35.91
35.91
35.91
35.59
35.59
35.59
35.59
35.59
35.59
35.59
35.59
35.59
35.59
35.59
35.59
35.59
35.59
35.59
35.59
35.59
47.35
47.35
47.35
47.35
47.35
47.35
47.35
47.35
47.35
47.35
47.35
47.35
47.35
47.35
47.35
47.35
47.35
39.89
39.89
39.89
39.89
39.89
39.89
39.89
39.89
39.89
60.25
60.25
60.25
60.25
60.25
60.25
60.25
60.25
60.25
60.25
60.25
60.25
47.75
47.75
47.75
47.75
47.75
47.75
47.75
47.75
47.75
47.75
47.75
47.75
32.64
32.64
32.64
32.64
32.64
32.64
32.64
32.64
32.64
32.64
32.64
32.64
32.64
32.64
53.62
53.62
53.62
53.62
53.62
53.62
53.62
53.62
53.62
53.62
53.62
53.62
53.62
55.62
55.62
55.62
55.62
55.62
55.62
55.62
55.62
55.62
55.62
55.62
55.62
55.62
55.64
55.64
55.64
55.64
55.64
55.64
55.64
55.64
55.64
55.64
55.64
57.7
57.7
57.7
57.7
57.7
57.7
57.7
57.7
57.7
57.7
32.25
32.25
32.25
32.25
61.25
61.25
61.25
61.25
25.2
25.2
25.2
25.2
25.2
25.2
25.2
25.2
25.2
25.2
52.89
52.89
52.89
52.89
52.89
52.89
52.89
52.89
52.89
52.89
52.89
52.89
52.89
52.89
52.89
52.89
52.89
52.89
52.89
52.5
52.5
52.5
52.5
52.5
52.5
52.5
52.5
52.5
52.5
52.5
52.5
52.5
52.5
56.23
56.23
56.23
56.23
56.23
56.23
56.23
56.23
56.23
56.23
56.23
56.23
56.23
81.92
81.92
81.92
81.92
81.92
81.92
81.92
81.92
81.92
81.92
81.92
81.92
60
60
63.63
63.63
63.63
63.63
63.63
63.63
63.63
63.63
43.8
43.8
43.8
43.8
43.8
43.8
43.8
43.8
43.8
43.8
51.93
51.93
51.93
51.93
51.93
51.93
51.93
51.93
51.93
51.93
51.93
51.93
51.93
51.93
57.14
57.14
57.14
57.14
57.14
57.14
57.14
51.57
51.57
51.57
51.57
51.57
51.57
51.57
66
66
66
66
66
66
66
66
66
66
66
66
62.25
62.25
62.25
62.25
62.25
62.25
62.25
62.25
41.14
41.14
41.14
41.14
41.14
41.14
41.14
78.36
78.36
78.36
78.36
78.36
78.36
78.36
78.36
78.36
78.36
78.36
45.54
45.54
45.54
45.54
45.54
45.54
45.54
45.54
45.54
45.54
45.54
45.54
45.54
64
64
64
64
64
64
64
64
57.15
57.15
57.15
57.15
57.15
57.15
57.15
57.15
57.15
57.15
57.15
57.15
57.15
63.82
63.82
63.82
63.82
63.82
63.82
63.82
63.82
63.82
63.82
63.82
68.13
68.13
68.13
68.13
68.13
68.13
68.13
68.13
43.25
43.25
43.25
43.25
43.25
43.25
43.25
43.25
70
70
70
70
70
70
70
70
70
70
47.8
47.8
47.8
47.8
47.8
47.8
47.8
47.8
47.8
47.8
47.8
47.8
47.8
47.8
47.8
41.57
41.57
41.57
41.57
41.57
41.57
41.57
37.35
37.35
37.35
37.35
37.35
37.35
37.35
37.35
37.35
37.35
37.35
37.35
37.35
37.35
37.35
37.35
37.35
37.35
37.35
37.35
31.3
31.3
31.3
31.3
31.3
31.3
31.3
31.3
31.3
31.3
63.13
63.13
63.13
63.13
63.13
63.13
63.13
63.13
47.8
47.8
47.8
47.8
47.8
37
37
37
37
37
37
37
37
37
37
37
37
37
37
37
55.18
55.18
55.18
55.18
55.18
55.18
55.18
55.18
55.18
55.18
55.18
43.64
43.64
43.64
43.64
43.64
43.64
43.64
43.64
43.64
43.64
43.64
54.92
54.92
54.92
54.92
54.92
54.92
54.92
54.92
54.92
54.92
54.92
54.92
54.92
53.54
53.54
53.54
53.54
53.54
53.54
53.54
53.54
53.54
53.54
53.54
53.54
53.54
45.29
45.29
45.29
45.29
45.29
45.29
45.29
43
43
43
43
43
69.42
69.42
69.42
69.42
69.42
69.42
69.42
69.42
69.42
69.42
69.42
69.42
48.79
48.79
48.79
48.79
48.79
48.79
48.79
48.79
48.79
48.79
48.79
48.79
48.79
48.79
46.45
46.45
46.45
46.45
46.45
46.45
46.45
46.45
46.45
46.45
46.45
56.5
56.5
56.5
56.5
56.5
56.5
56.5
56.5
56.5
56.5
56.5
56.5
56.5
56.5
56.5
56.5
68.6
68.6
68.6
68.6
68.6
68.6
68.6
68.6
68.6
68.6
68.6
68.6
68.6
68.6
68.6
44.57
44.57
44.57
44.57
44.57
44.57
44.57
56.25
56.25
56.25
56.25
64.55
64.55
64.55
64.55
64.55
64.55
64.55
64.55
64.55
64.55
64.55
53.89
53.89
53.89
53.89
53.89
53.89
53.89
53.89
53.89
48.44
48.44
48.44
48.44
48.44
48.44
48.44
48.44
48.44
46.92
46.92
46.92
46.92
46.92
46.92
46.92
46.92
46.92
46.92
46.92
46.92
46.92
55.83
55.83
55.83
55.83
55.83
55.83
51.5
51.5
51.5
51.5
51.5
51.5
51.5
51.5
60.55
60.55
60.55
60.55
60.55
60.55
60.55
60.55
60.55
60.55
60.55
66.5
66.5
66.5
66.5
66.5
66.5
66.5
66.5
46.8
46.8
46.8
46.8
46.8
46.8
46.8
46.8
46.8
46.8
68.17
68.17
68.17
68.17
68.17
68.17
68.17
68.17
68.17
68.17
68.17
68.17
41.38
41.38
41.38
41.38
41.38
41.38
41.38
41.38
41.38
41.38
41.38
41.38
41.38
55
55
55
55
55
55
55
55
55
55
55
59.15
59.15
59.15
59.15
59.15
59.15
59.15
59.15
59.15
59.15
59.15
59.15
59.15
41.67
41.67
41.67
41.67
41.67
41.67
41.67
41.67
41.67
44.09
44.09
44.09
44.09
44.09
44.09
44.09
44.09
44.09
44.09
44.09
37.09
37.09
37.09
37.09
37.09
37.09
37.09
37.09
37.09
37.09
37.09
86.3
86.3
86.3
86.3
86.3
86.3
86.3
86.3
86.3
86.3
61
61
61
61
61
61
61
38.43
38.43
38.43
38.43
38.43
38.43
38.43
51.17
51.17
51.17
51.17
51.17
51.17
55.14
55.14
55.14
55.14
55.14
55.14
55.14
54.22
54.22
54.22
54.22
54.22
54.22
54.22
54.22
54.22
40.73
40.73
40.73
40.73
40.73
40.73
40.73
40.73
40.73
40.73
40.73
54.4
54.4
54.4
54.4
54.4
54.4
54.4
54.4
54.4
54.4
52.25
52.25
52.25
52.25
52.25
52.25
52.25
52.25
72.25
72.25
72.25
72.25
72.25
72.25
72.25
72.25
44.67
44.67
44.67
37.38
37.38
37.38
37.38
37.38
37.38
37.38
37.38
49.1
49.1
49.1
49.1
49.1
49.1
49.1
49.1
49.1
49.1
61.08
61.08
61.08
61.08
61.08
61.08
61.08
61.08
61.08
61.08
61.08
61.08
56.18
56.18
56.18
56.18
56.18
56.18
56.18
56.18
56.18
56.18
56.18
58.38
58.38
58.38
58.38
58.38
58.38
58.38
58.38
40.67
40.67
40.67
40.67
40.67
40.67
40.67
40.67
40.67
40.67
40.67
40.67
57.33
57.33
57.33
57.33
57.33
57.33
57.33
57.33
57.33
34.14
34.14
34.14
34.14
34.14
34.14
34.14
69.27
69.27
69.27
69.27
69.27
69.27
69.27
69.27
69.27
69.27
69.27
35.5
35.5
35.5
35.5
35.5
35.5
35.5
35.5
35.5
35.5
35.5
35.5
39.46
39.46
39.46
39.46
39.46
39.46
39.46
39.46
39.46
39.46
39.46
39.46
39.46
62
62
62
62
62
62
62
62
62
48.73
48.73
48.73
48.73
48.73
48.73
48.73
48.73
48.73
48.73
48.73
36.29
36.29
36.29
36.29
36.29
36.29
36.29
29.86
29.86
29.86
29.86
29.86
29.86
29.86
48.54
48.54
48.54
48.54
48.54
48.54
48.54
48.54
48.54
48.54
48.54
48.54
48.54
42.76
42.76
42.76
42.76
42.76
42.76
42.76
42.76
42.76
42.76
42.76
42.76
42.76
42.76
42.76
42.76
42.76
43.33
43.33
43.33
43.33
43.33
43.33
43.33
43.33
43.33
50.36
50.36
50.36
50.36
50.36
50.36
50.36
50.36
50.36
50.36
50.36
50.36
50.36
50.36
44.89
44.89
44.89
44.89
44.89
44.89
44.89
44.89
44.89
29.2
29.2
29.2
29.2
29.2
68
68
68
68
68
68
68
68
39.2
39.2
39.2
39.2
39.2
53.14
53.14
53.14
53.14
53.14
53.14
53.14
53.14
53.14
53.14
53.14
53.14
53.14
53.14
50
50
50
50
50
50
50
50
50
47.67
47.67
47.67
47.67
47.67
47.67
47.67
47.67
47.67
47.67
47.67
47.67
40.75
40.75
40.75
40.75
44.63
44.63
44.63
44.63
44.63
44.63
44.63
44.63
69.5
69.5
69.5
69.5
58.44
58.44
58.44
58.44
58.44
58.44
58.44
58.44
58.44
49.07
49.07
49.07
49.07
49.07
49.07
49.07
49.07
49.07
49.07
49.07
49.07
49.07
49.07
52
52
52
52
52
52
52
52
52
52
51.22
51.22
51.22
51.22
51.22
51.22
51.22
51.22
51.22
44.14
44.14
44.14
44.14
44.14
44.14
44.14
57.14
57.14
57.14
57.14
57.14
57.14
57.14
57.14
57.14
57.14
57.14
57.14
57.14
57.14
48.71
48.71
48.71
48.71
48.71
48.71
48.71
48.71
48.71
48.71
48.71
48.71
48.71
48.71
71.75
71.75
71.75
71.75
68.08
68.08
68.08
68.08
68.08
68.08
68.08
68.08
68.08
68.08
68.08
68.08
68.08
43.82
43.82
43.82
43.82
43.82
43.82
43.82
43.82
43.82
43.82
43.82
41.5
41.5
41.5
41.5
41.5
41.5
41.5
41.5
41.5
41.5
41.5
41.5
52.6
52.6
52.6
52.6
52.6
52.6
52.6
52.6
52.6
52.6
68.86
68.86
68.86
68.86
68.86
68.86
68.86
43.22
43.22
43.22
43.22
43.22
43.22
43.22
43.22
43.22
39.3
39.3
39.3
39.3
39.3
39.3
39.3
39.3
39.3
39.3
43.75
43.75
43.75
43.75
43.75
43.75
43.75
43.75
58.67
58.67
58.67
58.67
58.67
58.67
58.67
58.67
58.67
58.67
58.67
58.67
42.8
42.8
42.8
42.8
42.8
42.8
42.8
42.8
42.8
42.8
42.8
42.8
42.8
42.8
42.8
55.33
55.33
55.33
55.33
55.33
55.33
55.33
55.33
55.33
48.7
48.7
48.7
48.7
48.7
48.7
48.7
48.7
48.7
48.7
34.1
34.1
34.1
34.1
34.1
34.1
34.1
34.1
34.1
34.1
52.45
52.45
52.45
52.45
52.45
52.45
52.45
52.45
52.45
52.45
52.45
36.27
36.27
36.27
36.27
36.27
36.27
36.27
36.27
36.27
36.27
36.27
36.27
36.27
36.27
36.27
63.85
63.85
63.85
63.85
63.85
63.85
63.85
63.85
63.85
63.85
63.85
63.85
63.85
56.58
56.58
56.58
56.58
56.58
56.58
56.58
56.58
56.58
56.58
56.58
56.58
58
58
58
58
58
58
58
58
58.44
58.44
58.44
58.44
58.44
58.44
58.44
58.44
58.44
34.88
34.88
34.88
34.88
34.88
34.88
34.88
34.88
38.75
38.75
38.75
38.75
38.75
38.75
38.75
38.75
54.6
54.6
54.6
54.6
54.6
54.6
54.6
54.6
54.6
54.6
59.5
59.5
59.5
59.5
59.5
59.5
59.5
59.5
58.91
58.91
58.91
58.91
58.91
58.91
58.91
58.91
58.91
58.91
58.91
56
56
56
56
56
56
56
56
56
56
56
56
56
45.33
45.33
45.33
45.33
45.33
45.33
45.33
45.33
45.33
45.33
45.33
45.33
18.2
18.2
18.2
18.2
18.2
49.11
49.11
49.11
49.11
49.11
49.11
49.11
49.11
49.11
44.4
44.4
44.4
44.4
44.4
44.4
44.4
44.4
44.4
44.4
56.5
56.5
56.5
56.5
56.5
56.5
56.5
56.5
61.6
61.6
61.6
61.6
61.6
61.6
61.6
61.6
61.6
61.6
50.29
50.29
50.29
50.29
50.29
50.29
50.29
35.89
35.89
35.89
35.89
35.89
35.89
35.89
35.89
35.89
46.89
46.89
46.89
46.89
46.89
46.89
46.89
46.89
46.89
71.58
71.58
71.58
71.58
71.58
71.58
71.58
71.58
71.58
71.58
71.58
71.58
51.91
51.91
51.91
51.91
51.91
51.91
51.91
51.91
51.91
51.91
51.91
49.88
49.88
49.88
49.88
49.88
49.88
49.88
49.88
56
56
56
56
56
56
56
74.29
74.29
74.29
74.29
74.29
74.29
74.29
54.2
54.2
54.2
54.2
54.2
54.2
54.2
54.2
54.2
54.2
55.5
55.5
55.5
55.5
55.5
55.5
55.5
55.5
57.38
57.38
57.38
57.38
57.38
57.38
57.38
57.38
40
40
40
40
40
40
40
40
40
40
40
40
39.33
39.33
39.33
39.33
39.33
39.33
39.33
39.33
39.33
41.29
41.29
41.29
41.29
41.29
41.29
41.29
41.29
41.29
41.29
41.29
41.29
41.29
41.29
41.29
41.29
41.29
40.75
40.75
40.75
40.75
40.75
40.75
40.75
40.75
40.75
40.75
40.75
40.75
40.33
40.33
40.33
40.33
40.33
40.33
40.33
40.33
40.33
43.17
43.17
43.17
43.17
43.17
43.17
55.27
55.27
55.27
55.27
55.27
55.27
55.27
55.27
55.27
55.27
55.27
63.6
63.6
63.6
63.6
63.6
63.6
63.6
63.6
63.6
63.6
61.36
61.36
61.36
61.36
61.36
61.36
61.36
61.36
61.36
61.36
61.36
36.6
36.6
36.6
36.6
36.6
36.6
36.6
36.6
36.6
36.6
64.22
64.22
64.22
64.22
64.22
64.22
64.22
64.22
64.22
36.57
36.57
36.57
36.57
36.57
36.57
36.57
51.38
51.38
51.38
51.38
51.38
51.38
51.38
51.38
34.57
34.57
34.57
34.57
34.57
34.57
34.57
50.69
50.69
50.69
50.69
50.69
50.69
50.69
50.69
50.69
50.69
50.69
50.69
50.69
50.69
50.69
50.69
51.08
51.08
51.08
51.08
51.08
51.08
51.08
51.08
51.08
51.08
51.08
51.08
51.08
54
54
54
54
54
54
54
54
54
54
54
54
45.88
45.88
45.88
45.88
45.88
45.88
45.88
45.88
51.55
51.55
51.55
51.55
51.55
51.55
51.55
51.55
51.55
51.55
51.55
45.88
45.88
45.88
45.88
45.88
45.88
45.88
45.88
57.47
57.47
57.47
57.47
57.47
57.47
57.47
57.47
57.47
57.47
57.47
57.47
57.47
57.47
57.47
47.07
47.07
47.07
47.07
47.07
47.07
47.07
47.07
47.07
47.07
47.07
47.07
47.07
47.07
47.07
53.09
53.09
53.09
53.09
53.09
53.09
53.09
53.09
53.09
53.09
53.09
52.92
52.92
52.92
52.92
52.92
52.92
52.92
52.92
52.92
52.92
52.92
52.92
61.67
61.67
61.67
61.67
61.67
61.67
61.67
61.67
61.67
61.67
61.67
61.67
47.86
47.86
47.86
47.86
47.86
47.86
47.86
46.58
46.58
46.58
46.58
46.58
46.58
46.58
46.58
46.58
46.58
46.58
46.58
61
61
61
61
61
61
61
61
61
54.25
54.25
54.25
54.25
54.25
54.25
54.25
54.25
54.25
54.25
54.25
54.25
60.63
60.63
60.63
60.63
60.63
60.63
60.63
60.63
29.56
29.56
29.56
29.56
29.56
29.56
29.56
29.56
29.56
53.33
53.33
53.33
53.33
53.33
53.33
43.7
43.7
43.7
43.7
43.7
43.7
43.7
43.7
43.7
43.7
34.17
34.17
34.17
34.17
34.17
34.17
57.67
57.67
57.67
57.67
57.67
57.67
57.67
57.67
57.67
57.67
57.67
57.67
64.89
64.89
64.89
64.89
64.89
64.89
64.89
64.89
64.89
61.36
61.36
61.36
61.36
61.36
61.36
61.36
61.36
61.36
61.36
61.36
61.36
61.36
61.36
67.2
67.2
67.2
67.2
67.2
67.2
67.2
67.2
67.2
67.2
50.13
50.13
50.13
50.13
50.13
50.13
50.13
50.13
41.56
41.56
41.56
41.56
41.56
41.56
41.56
41.56
41.56
60.4
60.4
60.4
60.4
60.4
60.4
60.4
60.4
60.4
60.4
83
83
83
83
83
83
83
83
83
47.83
47.83
47.83
47.83
47.83
47.83
47.83
47.83
47.83
47.83
47.83
47.83
63.13
63.13
63.13
63.13
63.13
63.13
63.13
63.13
59.67
59.67
59.67
59.67
59.67
59.67
59.67
59.67
59.67
59.67
59.67
59.67
43.85
43.85
43.85
43.85
43.85
43.85
43.85
43.85
43.85
43.85
43.85
43.85
43.85
61.2
61.2
61.2
61.2
61.2
46.63
46.63
46.63
46.63
46.63
46.63
46.63
46.63
65.22
65.22
65.22
65.22
65.22
65.22
65.22
65.22
65.22
42.11
42.11
42.11
42.11
42.11
42.11
42.11
42.11
42.11
70.31
70.31
70.31
70.31
70.31
70.31
70.31
70.31
70.31
70.31
70.31
70.31
70.31
46.5
46.5
46.5
46.5
46.5
46.5
46.5
46.5
46.5
46.5
32.86
32.86
32.86
32.86
32.86
32.86
32.86
52
52
52
52
52
52
52
52
52
52
40.22
40.22
40.22
40.22
40.22
40.22
40.22
40.22
40.22
69.42
69.42
69.42
69.42
69.42
69.42
69.42
69.42
69.42
69.42
69.42
69.42
52.11
52.11
52.11
52.11
52.11
52.11
52.11
52.11
52.11
60.5
60.5
60.5
60.5
60.5
60.5
60.5
60.5
60.5
60.5
60.5
60.5
49.27
49.27
49.27
49.27
49.27
49.27
49.27
49.27
49.27
49.27
49.27
50
50
50
50
50
50
50
50
50
50
50
51.25
51.25
51.25
51.25
51.25
51.25
51.25
51.25
37.38
37.38
37.38
37.38
37.38
37.38
37.38
37.38
59.85
59.85
59.85
59.85
59.85
59.85
59.85
59.85
59.85
59.85
59.85
59.85
59.85
52.09
52.09
52.09
52.09
52.09
52.09
52.09
52.09
52.09
52.09
52.09
52.18
52.18
52.18
52.18
52.18
52.18
52.18
52.18
52.18
52.18
52.18
63.17
63.17
63.17
63.17
63.17
63.17
63.17
63.17
63.17
63.17
63.17
63.17
63.17
63.17
63.17
63.17
63.17
63.17
62.75
62.75
62.75
62.75
62.75
62.75
62.75
62.75
42.6
42.6
42.6
42.6
42.6
52
52
52
52
52
52
52
52
54.5
54.5
54.5
54.5
54.5
54.5
54.5
54.5
54.5
54.5
53.87
53.87
53.87
53.87
53.87
53.87
53.87
53.87
53.87
53.87
53.87
53.87
53.87
53.87
53.87
