162
162
162
162
162
152
152
152
152
152
152
173.67
173.67
173.67
192.5
192.5
192.5
192.5
160
175
175
175
175
175
130
135
135
135
135
135
150
150
150
150
150
193.75
193.75
193.75
193.75
152.5
152.5
120
137
137
137
137
137
203.33
203.33
203.33
152.5
152.5
152.5
152.5
151.67
151.67
151.67
151.67
151.67
151.67
172.5
172.5
163
125.5
125.5
145
145
145
145
140
140
161
161
161
161
161
151.75
151.75
151.75
151.75
166.5
166.5
166.5
166.5
166.5
166.5
0
0
166.25
166.25
166.25
166.25
146.67
146.67
146.67
122.5
122.5
217.5
217.5
159
159
159
159
0
0
154
154
154
154
154
189
189
128.33
128.33
128.33
164
164
164
164
164
170.5
170.5
170.5
170.5
0
0
165
165
126.67
126.67
126.67
195
195
122.5
122.5
122.5
122.5
159.67
159.67
159.67
135
135
135
0
191
191
191
191
200
150
200
141.25
141.25
141.25
141.25
120
155
150
150
150
150
150
133.75
133.75
133.75
133.75
170
170
170
157.75
157.75
157.75
157.75
135
190
207.75
207.75
207.75
207.75
135
135
135
160
160
160
160
160
185.67
185.67
185.67
160
160
140
120
145
145
142
142
142
142
173
173
173
173
173
173
173
160.25
160.25
160.25
160.25
160.25
160.25
160.25
160.25
170
165
140
135
135
135
132.5
132.5
168.17
168.17
168.17
168.17
168.17
168.17
135
135
157.25
157.25
157.25
157.25
0
0
153.67
153.67
153.67
182.5
182.5
182.5
182.5
182.5
182.5
148.33
148.33
148.33
148.33
148.33
148.33
163.83
163.83
163.83
163.83
163.83
163.83
153.75
153.75
153.75
153.75
169.17
169.17
169.17
169.17
169.17
169.17
153
153
161.67
161.67
161.67
161.75
161.75
161.75
161.75
154.2
154.2
154.2
154.2
154.2
178.5
178.5
180
0
0
148.33
148.33
148.33
169
169
182.8
182.8
182.8
182.8
182.8
166.5
166.5
166.5
166.5
198
198
198
148.33
148.33
148.33
170
170
170
170
147.33
147.33
147.33
147.33
147.33
147.33
200.6
200.6
200.6
200.6
200.6
161.67
161.67
161.67
158.33
158.33
158.33
178.25
178.25
178.25
178.25
178.25
178.25
178.25
178.25
135
135
0
166.43
166.43
166.43
166.43
166.43
166.43
166.43
158.67
158.67
158.67
159.4
159.4
159.4
159.4
159.4
184.67
184.67
184.67
152.67
152.67
152.67
152.67
152.67
152.67
152.67
152.67
152.67
130
130
0
180
180
161
161
161
161
161
161
161
161
170
170
170
170
165.8
165.8
165.8
165.8
165.8
179.5
179.5
179.5
179.5
0
210
162.4
162.4
162.4
162.4
162.4
187
187
187
153.33
153.33
153.33
147.5
147.5
147.5
147.5
163.8
163.8
163.8
163.8
163.8
160
225
225
148.33
148.33
148.33
179.5
179.5
179.5
179.5
185
185
185.4
185.4
185.4
185.4
185.4
232.5
232.5
0
180
161.67
161.67
161.67
135
135
135
171.25
171.25
171.25
171.25
163
163
163
163
150.75
150.75
150.75
150.75
0
160
185
185
185
176.67
176.67
176.67
151
151
151
151
220.67
220.67
220.67
163.6
163.6
163.6
163.6
163.6
147.5
147.5
0
150
150
130
130
130
136.5
136.5
136.5
136.5
166.33
166.33
166.33
166.33
166.33
166.33
162
162
162
162
162
157.5
157.5
130
120
121.67
121.67
121.67
166.67
166.67
166.67
179
179
179
176
176
176
169.6
169.6
169.6
169.6
169.6
0
178.33
178.33
178.33
172.5
172.5
172.5
172.5
185.33
185.33
185.33
182.33
182.33
182.33
154.5
154.5
154.5
154.5
154.5
154.5
127
200
184.5
184.5
173
173
173
173
173
146
146
164.6
164.6
164.6
164.6
164.6
163.33
163.33
163.33
204
205
141.25
141.25
141.25
141.25
163
163
163
163
163
150
150
150
150
151.25
151.25
151.25
151.25
160
160
205
0
153
153
153
153
153
151
151
151
151
151
140.2
140.2
140.2
140.2
140.2
0
213.33
213.33
213.33
0
130
179.5
179.5
142.4
142.4
142.4
142.4
142.4
149.6
149.6
149.6
149.6
149.6
148.2
148.2
148.2
148.2
148.2
154.75
154.75
154.75
154.75
130
0
141.2
141.2
141.2
141.2
141.2
215
160
160
160
160
160
160
194.5
194.5
195.5
195.5
0
185
181.25
181.25
181.25
181.25
158.6
158.6
158.6
158.6
158.6
161
161
161
161
161
161
169
169
169
169
169
178
178
178
210
0
168.89
168.89
168.89
168.89
168.89
168.89
168.89
168.89
168.89
157.5
157.5
157.5
157.5
155
155
160
160
157.5
157.5
157.5
157.5
130
130
130
155
155
166.75
166.75
166.75
166.75
180.2
180.2
180.2
180.2
180.2
121.25
121.25
121.25
121.25
166
166
166
166
166
160
0
166.67
166.67
166.67
166.67
166.67
166.67
166.67
166.67
166.67
166.67
166.67
166.67
170
170
174
174
174
174
174
174
164
164
164
164
164
164
164
164
164
0
194.5
194.5
141.67
141.67
141.67
185.75
185.75
185.75
185.75
170
170
170
170
170
134.5
134.5
134.5
134.5
193.67
193.67
193.67
145
145
0
181.5
181.5
158.33
158.33
158.33
188.8
188.8
188.8
188.8
188.8
123.33
123.33
123.33
178.33
178.33
178.33
170
0
168.63
168.63
168.63
168.63
168.63
168.63
168.63
168.63
166.67
166.67
166.67
165
165
165
200
200
157.5
157.5
157.5
157.5
157.5
157.5
180
180
140
183
183
183
183
183
169.17
169.17
169.17
169.17
169.17
169.17
152.83
152.83
152.83
152.83
152.83
152.83
148.33
148.33
148.33
185.75
185.75
185.75
185.75
160
150
179.25
179.25
179.25
179.25
189
189
189
159
159
159
0
164.25
164.25
164.25
164.25
131
0
160
160
160
141
141
